1537463939
2124857052
1820055515
554791071
173888787
1512771773
1009300761
418897989
1236054378
1328827715
778535015
940529649
2017909688
165391471
1562213098
849492617
56875756
1756610801
1137076403
2035715566
957740468
937062211
145981268
1522745140
1577506547
964736018
731288532
2111980133
1657600681
1825197171
2116349166
779730070
1819278352
247836305
1084080243
477865954
1447975556
1202178042
883910486
1775152464
1464795428
856630669
1229469236
1657831896
255293560
292743191
1532479675
1333404501
1224667076
1447621284
1502937996
737038967
1684998635
861356158
1399526958
1575601821
1595279260
1214630286
642770737
1830644793
278133587
1613391993
1585875929
1028729627
452426740
1612656877
1168654482
944979430
986963822
1665912669
532987741
967106974
975199861
1636352350
1019690376
1877004068
1314198554
1947525044
834606951
1685717633
212093810
1393901627
351956832
950275371
1693958552
1385359991
1437406726
1315607876
2121769614
1942348053
185033203
1852027479
1028802042
892869137
992290162
80431697
1880457308
1842182485
1578922165
1786066373
23572098
869282721
1749194260
1668524435
1880500813
1293048952
1256043184
1378281309
1818646808
58418296
167988481
1203500193
1058970329
1239312368
1953927072
2016473772
89591925
951864232
437750536
849004239
1336147621
1561865169
1850944327
897008341
21057989
971826144
1568526483
1815397847
428738210
496558081
218371143
1905721311
1784578917
13883020
1785404748
1045571911
1726785559
843938195
1759585998
1618585467
1068148959
966609833
2037713781
2003765006
2141928371
363149212
1257007331
1024394505
301973805
512102338
1509057853
839858105
885672657
1579129575
2079183532
234368633
989724128
1546236221
739557072
1890827147
574676230
1719280230
811279947
683550933
891575836
1144388256
1493052163
2135537301
1261877257
850350455
1087008899
1061406269
1809698794
1980136176
854252981
1394690008
2030845022
107085037
221080165
956167113
368561058
1152835515
94163157
1140289104
1266584946
639910013
46976432
561433952
178152899
449319324
286753128
376346916
528827543
153781990
1220335156
928397247
155800313
1212741613
1443221311
812174325
1399316177
179150419
1788945013
1177764186
418857692
1697406973
1717193471
2038147877
1227117481
833628968
468864000
1502555344
1246700694
768675735
320483505
754488000
391759509
1196905974
1498450178
694783518
723406647
312181538
1048184311
553337922
501357811
444198626
971294853
1056523671
1238003048
1380911783
972679609
1814608229
948586658
1783756799
1069582191
2047677856
1203566838
1863477868
443589579
1146358689
688560428
30010204
1575375485
1876267668
894624127
1652805238
503379048
1612691638
1292565190
1814566206
35330348
1878494481
218769735
568952788
1406309787
1461687201
204928732
1563297833
2101413922
2016669222
768880711
441890759
354628018
1898239411
1607535778
253556089
1885405794
2126531764
1022221909
1726111041
1507812073
1687828481
1832471618
2133995951
598156968
1832423935
293840182
1228025248
1513720254
1429503027
131452337
85688800
509285828
167672300
811405644
1034315224
586380635
74246491
1264750900
2062285148
221960342
187492786
1562593295
1332139058
344039246
101930295
297428
478148590
681440832
2042218741
1676035025
1334081790
1482398452
2120179318
419584589
1604508247
1308498103
305240561
1494454722
1267131458
1012556395
230192279
1625278271
441381050
1246931024
702395874
784946535
2119720989
195157028
581919663
997714671
300514431
1370052204
2011716264
1506593270
1046539812
1085418977
2021310832
490867770
1003061480
1682755030
1118419704
266232233
1097904344
355694664
2120204868
820974910
494041280
951529491
580292382
424051746
424775112
325405691
2020898457
591491991
2122167053
295727523
324784029
1972145408
152778209
872732972
1883681880
813826766
1289877939
134714506
999425506
1134332998
1236386565
1837223625
793883552
1792272075
303775482
1465562546
1038137898
58661883
326701995
770456743
1824785224
786101949
1969158846
5011291
1643778206
786291613
115722023
2066634705
2078051009
814898277
1714768124
1487173536
1330794916
1085347209
1816203395
760949673
973790213
1227361065
851847400
953527414
836364154
758072828
130626622
191509119
1590461608
1337288912
1432251940
1181714250
71066234
1295652619
1270788422
1010725161
199304828
596487125
873025398
37930958
462671863
839121558
24290153
1154889518
299134168
573371382
124203103
