550713599
452512939
1451817824
1189060435
1808196223
34199493
1655952863
1051322598
847592860
785650361
556480743
1363010467
787715354
2907346
1437883908
1153121917
1229644812
152994167
365443900
1221638082
1882270999
1903605300
1679043958
1619954148
562972373
339486301
332633826
220349940
883365259
1200138881
1189743014
418967159
405650644
1741737508
1728291986
996621561
414246048
1305109140
271156481
863645101
519473381
1305432606
1639236342
1436929146
2056932032
414870004
704072958
1707748355
778617038
1376013784
528567056
1441033130
1831175373
1560658733
1735873187
405781827
632019333
1456850381
820235765
1536094829
79047183
1644338368
1923940112
1694841980
1181997733
1985720008
1204956433
547221583
737005897
374316120
1532900719
1885292480
1913126646
105328384
1635878506
1519502633
2122806760
217157347
814257930
660572978
1455441526
1827628282
1523663324
1479635664
754931977
601172630
1587211988
468137428
1250606224
1123232146
1242171584
1914620803
1212594643
796065264
306108827
985114073
721009218
194243700
1005251549
1899076180
2121599778
124064732
901329701
127128834
1637279900
859361774
1385721046
1521239700
1596568099
1612679024
1266898310
1617401220
1833169277
1591973682
1394191585
2005395200
767238635
963553432
1894278617
1276855743
2092695962
1121291044
311741078
966673824
1964750353
420126578
70711595
511861910
283486278
1415472301
372622233
1002028673
1754421415
1258101952
1144390433
935672865
1859217708
1771858675
1558321712
521033307
1557395099
206514682
1943895131
1422363344
194661084
299698904
935243003
1753220796
936054918
707945779
1860427351
2070341119
444813756
1365272187
614704216
1467351425
1175531265
1350997516
535804470
407334361
121855534
2092948808
1417547991
881316506
694023090
1938634390
42965233
1397795416
1023499119
1057506281
88528905
251992644
1048733991
408204662
25726813
1742676362
300732052
54770661
2058095609
1671597722
72022376
33223210
929592597
1197009269
554307053
507632453
874162436
55788053
1375998531
661025732
874859582
765216756
1709758309
1494349945
463094589
664863013
1530529105
473385040
1396186676
1838372687
2084312603
556280810
1023359314
1783819972
733063704
1805549543
417431714
913710249
223891178
1457703126
284226930
1349106466
726392449
955956710
759002122
1175609390
2035548661
409149445
1663506472
2040755692
968277049
337720629
51190214
1819615460
1143078341
101894575
977690713
2075644706
205056521
214165711
1795153992
1558786810
872061252
643295797
1595614849
360408042
1477473687
1391445401
281362112
624115475
2104731910
1355192109
2086876983
1392400636
53476698
629267132
1132061373
585709309
1736214803
15877504
1565779686
346015030
1088137534
271823957
188635560
1682782075
1057919554
2089044754
1795803489
2107376383
600309348
2110594786
1485345610
564733825
419369567
2065436208
1375058444
87883434
1649070563
884382877
364729329
1910600266
294622298
227467576
913449780
1230363668
608121868
2050596793
775892873
1029082176
1396725249
1816082384
931253357
1466660257
1533090713
154817531
1354150053
2028668169
1207981653
1853557590
